format = symmetric_stabilizer_T_v2
target = product
n = 7
partition = 2+5
phase_mode = complete
rank = 9
omega = (1+I)/sqrt(2) = exp(I*pi/4)
convention = unnormalized
term(x) = coef * (-1)^(x^T Q x) * i^(l^T x) * [A x = b]
score = 1
defect = 0
pool_size = 486
search_method = anneal
seed = 0
verified_exact = true

Stabiliser 0:
pool_id = 311
coef = 1/2 + I/2 + sqrt(2)*I/2
Q = [[0, 0, 0, 0, 0, 0, 0], [0, 0, 0, 0, 0, 0, 0], [0, 0, 0, 0, 0, 0, 0], [0, 0, 0, 0, 0, 0, 0], [0, 0, 0, 0, 0, 0, 0], [0, 0, 0, 0, 0, 0, 0], [0, 0, 0, 0, 0, 0, 0]]
l = [2, 0, 0, 0, 0, 0, 0]
A = [[1, 0, 1, 1, 1, 1, 1], [0, 1, 1, 1, 1, 1, 1]]
b = [1, 1]
support_size = 32

Stabiliser 1:
pool_id = 480
coef = 2 - sqrt(2)*(1 + I)
Q = [[0, 0, 0, 0, 0, 0, 0], [0, 0, 0, 0, 0, 0, 0], [0, 0, 0, 0, 0, 0, 0], [0, 0, 0, 0, 0, 0, 0], [0, 0, 0, 0, 0, 0, 0], [0, 0, 0, 0, 0, 0, 0], [0, 0, 0, 0, 0, 0, 0]]
l = [1, 0, 0, 0, 0, 0, 0]
A = [[1, 0, 0, 0, 0, 0, 1], [0, 1, 0, 0, 0, 0, 1], [0, 0, 1, 0, 0, 0, 1], [0, 0, 0, 1, 0, 0, 1], [0, 0, 0, 0, 1, 0, 1], [0, 0, 0, 0, 0, 1, 1]]
b = [1, 1, 0, 0, 0, 0]
support_size = 2

Stabiliser 2:
pool_id = 122
coef = -1/4 + I/4 + sqrt(2)*I/4
Q = [[0, 1, 1, 1, 1, 1, 1], [0, 0, 1, 1, 1, 1, 1], [0, 0, 0, 1, 1, 1, 1], [0, 0, 0, 0, 1, 1, 1], [0, 0, 0, 0, 0, 1, 1], [0, 0, 0, 0, 0, 0, 1], [0, 0, 0, 0, 0, 0, 0]]
l = [1, 1, 1, 1, 1, 1, 1]
A = []
b = []
support_size = 128

Stabiliser 3:
pool_id = 347
coef = (1 - I)*(-sqrt(2) + 1 + I)/2
Q = [[0, 1, 1, 0, 0, 0, 0], [0, 0, 1, 0, 0, 0, 0], [0, 0, 0, 0, 0, 0, 0], [0, 0, 0, 0, 0, 0, 0], [0, 0, 0, 0, 0, 0, 0], [0, 0, 0, 0, 0, 0, 0], [0, 0, 0, 0, 0, 0, 0]]
l = [3, 3, 2, 0, 0, 0, 0]
A = [[0, 0, 1, 0, 0, 0, 1], [0, 0, 0, 1, 0, 0, 1], [0, 0, 0, 0, 1, 0, 1], [0, 0, 0, 0, 0, 1, 1]]
b = [0, 0, 0, 0]
support_size = 8

Stabiliser 4:
pool_id = 103
coef = -1/4 - sqrt(2)*I/4 + I/4
Q = [[0, 0, 0, 0, 0, 0, 0], [0, 0, 0, 0, 0, 0, 0], [0, 0, 0, 1, 1, 1, 1], [0, 0, 0, 0, 1, 1, 1], [0, 0, 0, 0, 0, 1, 1], [0, 0, 0, 0, 0, 0, 1], [0, 0, 0, 0, 0, 0, 0]]
l = [3, 3, 1, 1, 1, 1, 1]
A = []
b = []
support_size = 128

Stabiliser 5:
pool_id = 85
coef = 1/4 - I/4 + sqrt(2)*I/4
Q = [[0, 0, 0, 0, 0, 0, 0], [0, 0, 0, 0, 0, 0, 0], [0, 0, 0, 0, 0, 0, 0], [0, 0, 0, 0, 0, 0, 0], [0, 0, 0, 0, 0, 0, 0], [0, 0, 0, 0, 0, 0, 0], [0, 0, 0, 0, 0, 0, 0]]
l = [2, 2, 3, 3, 3, 3, 3]
A = []
b = []
support_size = 128

Stabiliser 6:
pool_id = 75
coef = -1/4 + I/4 + sqrt(2)*I/4
Q = [[0, 1, 1, 1, 1, 1, 1], [0, 0, 1, 1, 1, 1, 1], [0, 0, 0, 0, 0, 0, 0], [0, 0, 0, 0, 0, 0, 0], [0, 0, 0, 0, 0, 0, 0], [0, 0, 0, 0, 0, 0, 0], [0, 0, 0, 0, 0, 0, 0]]
l = [2, 2, 3, 3, 3, 3, 3]
A = []
b = []
support_size = 128

Stabiliser 7:
pool_id = 350
coef = (1 - I)*(1 + sqrt(2) + I)/2
Q = [[0, 0, 0, 0, 0, 0, 0], [0, 0, 0, 0, 0, 0, 0], [0, 0, 0, 0, 0, 0, 0], [0, 0, 0, 0, 0, 0, 0], [0, 0, 0, 0, 0, 0, 0], [0, 0, 0, 0, 0, 0, 0], [0, 0, 0, 0, 0, 0, 0]]
l = [1, 1, 2, 0, 0, 0, 0]
A = [[0, 0, 1, 0, 0, 0, 1], [0, 0, 0, 1, 0, 0, 1], [0, 0, 0, 0, 1, 0, 1], [0, 0, 0, 0, 0, 1, 1]]
b = [0, 0, 0, 0]
support_size = 8

Stabiliser 8:
pool_id = 302
coef = -1/2 - sqrt(2)*I/2 - I/2
Q = [[0, 0, 1, 1, 1, 1, 0], [0, 0, 0, 0, 0, 0, 0], [0, 0, 0, 1, 1, 1, 0], [0, 0, 0, 0, 1, 1, 0], [0, 0, 0, 0, 0, 1, 0], [0, 0, 0, 0, 0, 0, 0], [0, 0, 0, 0, 0, 0, 0]]
l = [2, 0, 2, 2, 2, 2, 0]
A = [[1, 0, 1, 1, 1, 1, 1], [0, 1, 1, 1, 1, 1, 1]]
b = [0, 0]
support_size = 32
