format = symmetric_stabilizer_T_v2
target = product
n = 8
partition = 3+5
phase_mode = complete
rank = 12
omega = (1+I)/sqrt(2) = exp(I*pi/4)
convention = unnormalized
term(x) = coef * (-1)^(x^T Q x) * i^(l^T x) * [A x = b]
score = 0.9999999999999997
defect = 3.33066907388e-16
pool_size = 540
search_method = anneal
seed = 0
verified_exact = true

Stabiliser 0:
pool_id = 351
coef = sqrt(2)*(1 + I)/2
Q = [[0, 0, 0, 0, 0, 0, 0, 0], [0, 0, 0, 0, 0, 0, 0, 0], [0, 0, 0, 0, 0, 0, 0, 0], [0, 0, 0, 0, 0, 0, 0, 0], [0, 0, 0, 0, 0, 0, 0, 0], [0, 0, 0, 0, 0, 0, 0, 0], [0, 0, 0, 0, 0, 0, 0, 0], [0, 0, 0, 0, 0, 0, 0, 0]]
l = [3, 0, 0, 0, 0, 0, 0, 0]
A = [[1, 0, 0, 1, 1, 1, 1, 1], [0, 1, 0, 1, 1, 1, 1, 1], [0, 0, 1, 1, 1, 1, 1, 1]]
b = [1, 1, 1]
support_size = 32

Stabiliser 1:
pool_id = 196
coef = -I/2
Q = [[0, 0, 0, 1, 1, 1, 1, 0], [0, 0, 0, 1, 1, 1, 1, 0], [0, 0, 0, 1, 1, 1, 1, 0], [0, 0, 0, 0, 1, 1, 1, 0], [0, 0, 0, 0, 0, 1, 1, 0], [0, 0, 0, 0, 0, 0, 1, 0], [0, 0, 0, 0, 0, 0, 0, 0], [0, 0, 0, 0, 0, 0, 0, 0]]
l = [2, 2, 2, 2, 2, 2, 2, 0]
A = [[1, 1, 1, 1, 1, 1, 1, 1]]
b = [0]
support_size = 128

Stabiliser 2:
pool_id = 386
coef = sqrt(2) - I
Q = [[0, 0, 0, 0, 0, 0, 0, 0], [0, 0, 0, 0, 0, 0, 0, 0], [0, 0, 0, 0, 0, 0, 0, 0], [0, 0, 0, 0, 0, 0, 0, 0], [0, 0, 0, 0, 0, 0, 0, 0], [0, 0, 0, 0, 0, 0, 0, 0], [0, 0, 0, 0, 0, 0, 0, 0], [0, 0, 0, 0, 0, 0, 0, 0]]
l = [1, 1, 1, 2, 0, 0, 0, 0]
A = [[0, 0, 0, 1, 0, 0, 0, 1], [0, 0, 0, 0, 1, 0, 0, 1], [0, 0, 0, 0, 0, 1, 0, 1], [0, 0, 0, 0, 0, 0, 1, 1]]
b = [0, 0, 0, 0]
support_size = 16

Stabiliser 3:
pool_id = 106
coef = -1/4 + sqrt(2)/4
Q = [[0, 0, 0, 0, 0, 0, 0, 0], [0, 0, 0, 0, 0, 0, 0, 0], [0, 0, 0, 0, 0, 0, 0, 0], [0, 0, 0, 0, 0, 0, 0, 0], [0, 0, 0, 0, 0, 0, 0, 0], [0, 0, 0, 0, 0, 0, 0, 0], [0, 0, 0, 0, 0, 0, 0, 0], [0, 0, 0, 0, 0, 0, 0, 0]]
l = [3, 3, 3, 3, 3, 3, 3, 3]
A = []
b = []
support_size = 256

Stabiliser 4:
pool_id = 96
coef = -sqrt(2)/4 - 1/4
Q = [[0, 0, 0, 0, 0, 0, 0, 0], [0, 0, 0, 0, 0, 0, 0, 0], [0, 0, 0, 0, 0, 0, 0, 0], [0, 0, 0, 0, 0, 0, 0, 0], [0, 0, 0, 0, 0, 0, 0, 0], [0, 0, 0, 0, 0, 0, 0, 0], [0, 0, 0, 0, 0, 0, 0, 0], [0, 0, 0, 0, 0, 0, 0, 0]]
l = [1, 1, 1, 1, 1, 1, 1, 1]
A = []
b = []
support_size = 256

Stabiliser 5:
pool_id = 350
coef = sqrt(2)*(1 + I)/2
Q = [[0, 0, 0, 1, 1, 1, 1, 0], [0, 0, 0, 0, 0, 0, 0, 0], [0, 0, 0, 0, 0, 0, 0, 0], [0, 0, 0, 0, 1, 1, 1, 0], [0, 0, 0, 0, 0, 1, 1, 0], [0, 0, 0, 0, 0, 0, 1, 0], [0, 0, 0, 0, 0, 0, 0, 0], [0, 0, 0, 0, 0, 0, 0, 0]]
l = [3, 0, 0, 0, 0, 0, 0, 0]
A = [[1, 0, 0, 1, 1, 1, 1, 1], [0, 1, 0, 1, 1, 1, 1, 1], [0, 0, 1, 1, 1, 1, 1, 1]]
b = [1, 1, 1]
support_size = 32

Stabiliser 6:
pool_id = 393
coef = 1 - sqrt(2)
Q = [[0, 1, 1, 1, 0, 0, 0, 0], [0, 0, 1, 1, 0, 0, 0, 0], [0, 0, 0, 1, 0, 0, 0, 0], [0, 0, 0, 0, 0, 0, 0, 0], [0, 0, 0, 0, 0, 0, 0, 0], [0, 0, 0, 0, 0, 0, 0, 0], [0, 0, 0, 0, 0, 0, 0, 0], [0, 0, 0, 0, 0, 0, 0, 0]]
l = [2, 2, 2, 3, 0, 0, 0, 0]
A = [[0, 0, 0, 1, 0, 0, 0, 1], [0, 0, 0, 0, 1, 0, 0, 1], [0, 0, 0, 0, 0, 1, 0, 1], [0, 0, 0, 0, 0, 0, 1, 1]]
b = [0, 0, 0, 0]
support_size = 16

Stabiliser 7:
pool_id = 111
coef = I*(-1 + sqrt(2))*(1 - I)/4
Q = [[0, 1, 1, 1, 1, 1, 1, 1], [0, 0, 1, 1, 1, 1, 1, 1], [0, 0, 0, 1, 1, 1, 1, 1], [0, 0, 0, 0, 1, 1, 1, 1], [0, 0, 0, 0, 0, 1, 1, 1], [0, 0, 0, 0, 0, 0, 1, 1], [0, 0, 0, 0, 0, 0, 0, 1], [0, 0, 0, 0, 0, 0, 0, 0]]
l = [1, 1, 1, 1, 1, 1, 1, 1]
A = []
b = []
support_size = 256

Stabiliser 8:
pool_id = 533
coef = -2*sqrt(2)*I
Q = [[0, 0, 0, 0, 0, 0, 0, 0], [0, 0, 0, 0, 0, 0, 0, 0], [0, 0, 0, 0, 0, 0, 0, 0], [0, 0, 0, 0, 0, 0, 0, 0], [0, 0, 0, 0, 0, 0, 0, 0], [0, 0, 0, 0, 0, 0, 0, 0], [0, 0, 0, 0, 0, 0, 0, 0], [0, 0, 0, 0, 0, 0, 0, 0]]
l = [2, 0, 0, 0, 0, 0, 0, 0]
A = [[1, 0, 0, 0, 0, 0, 0, 1], [0, 1, 0, 0, 0, 0, 0, 1], [0, 0, 1, 0, 0, 0, 0, 1], [0, 0, 0, 1, 0, 0, 0, 1], [0, 0, 0, 0, 1, 0, 0, 1], [0, 0, 0, 0, 0, 1, 0, 1], [0, 0, 0, 0, 0, 0, 1, 1]]
b = [1, 1, 1, 0, 0, 0, 0]
support_size = 2

Stabiliser 9:
pool_id = 199
coef = I/2
Q = [[0, 1, 1, 0, 0, 0, 0, 0], [0, 0, 1, 0, 0, 0, 0, 0], [0, 0, 0, 0, 0, 0, 0, 0], [0, 0, 0, 0, 0, 0, 0, 0], [0, 0, 0, 0, 0, 0, 0, 0], [0, 0, 0, 0, 0, 0, 0, 0], [0, 0, 0, 0, 0, 0, 0, 0], [0, 0, 0, 0, 0, 0, 0, 0]]
l = [0, 0, 0, 0, 0, 0, 0, 0]
A = [[1, 1, 1, 1, 1, 1, 1, 1]]
b = [0]
support_size = 128

Stabiliser 10:
pool_id = 0
coef = -(1 - I)*(1 + sqrt(2)*I)/4
Q = [[0, 0, 0, 0, 0, 0, 0, 0], [0, 0, 0, 0, 0, 0, 0, 0], [0, 0, 0, 0, 0, 0, 0, 0], [0, 0, 0, 0, 0, 0, 0, 0], [0, 0, 0, 0, 0, 0, 0, 0], [0, 0, 0, 0, 0, 0, 0, 0], [0, 0, 0, 0, 0, 0, 0, 0], [0, 0, 0, 0, 0, 0, 0, 0]]
l = [0, 0, 0, 0, 0, 0, 0, 0]
A = []
b = []
support_size = 256

Stabiliser 11:
pool_id = 461
coef = 1 + I
Q = [[0, 1, 1, 0, 0, 0, 0, 0], [0, 0, 1, 0, 0, 0, 0, 0], [0, 0, 0, 0, 0, 0, 0, 0], [0, 0, 0, 0, 0, 0, 0, 0], [0, 0, 0, 0, 0, 0, 0, 0], [0, 0, 0, 0, 0, 0, 0, 0], [0, 0, 0, 0, 0, 0, 0, 0], [0, 0, 0, 0, 0, 0, 0, 0]]
l = [3, 3, 3, 0, 0, 0, 0, 0]
A = [[1, 1, 1, 0, 0, 0, 0, 1], [0, 0, 0, 1, 0, 0, 0, 1], [0, 0, 0, 0, 1, 0, 0, 1], [0, 0, 0, 0, 0, 1, 0, 1], [0, 0, 0, 0, 0, 0, 1, 1]]
b = [0, 0, 0, 0, 0]
support_size = 8
