format = symmetric_stabilizer_general_w_v2
target = odd_cat
n = 8
partition = 3+5
phase_mode = complete
rank = 8
convention = unnormalized
term(x) = coef(w) * (-1)^(x^T Q x) * i^(l^T x) * [A x = b]
score = 4
defect = 0
pool_size = 540
search_method = initial
seed = 0
verified_exact = true

Stabiliser 0:
pool_id = 213
coef = w^5/2 - w^3/2
Q = [[0, 1, 1, 1, 1, 1, 1, 0], [0, 0, 1, 1, 1, 1, 1, 0], [0, 0, 0, 1, 1, 1, 1, 0], [0, 0, 0, 0, 1, 1, 1, 0], [0, 0, 0, 0, 0, 1, 1, 0], [0, 0, 0, 0, 0, 0, 1, 0], [0, 0, 0, 0, 0, 0, 0, 0], [0, 0, 0, 0, 0, 0, 0, 0]]
l = [0, 0, 0, 0, 0, 0, 0, 0]
A = [[1, 1, 1, 1, 1, 1, 1, 1]]
b = [1]
support_size = 128

Stabiliser 1:
pool_id = 208
coef = w^5/2 + w^3/2
Q = [[0, 0, 0, 0, 0, 0, 0, 0], [0, 0, 0, 0, 0, 0, 0, 0], [0, 0, 0, 0, 0, 0, 0, 0], [0, 0, 0, 0, 0, 0, 0, 0], [0, 0, 0, 0, 0, 0, 0, 0], [0, 0, 0, 0, 0, 0, 0, 0], [0, 0, 0, 0, 0, 0, 0, 0], [0, 0, 0, 0, 0, 0, 0, 0]]
l = [0, 0, 0, 0, 0, 0, 0, 0]
A = [[1, 1, 1, 1, 1, 1, 1, 1]]
b = [1]
support_size = 128

Stabiliser 2:
pool_id = 465
coef = -w^7/2 + w^5/2 + w^3/2 - w/2
Q = [[0, 1, 1, 0, 0, 0, 0, 0], [0, 0, 1, 0, 0, 0, 0, 0], [0, 0, 0, 0, 0, 0, 0, 0], [0, 0, 0, 0, 0, 0, 0, 0], [0, 0, 0, 0, 0, 0, 0, 0], [0, 0, 0, 0, 0, 0, 0, 0], [0, 0, 0, 0, 0, 0, 0, 0], [0, 0, 0, 0, 0, 0, 0, 0]]
l = [2, 2, 2, 0, 0, 0, 0, 0]
A = [[1, 1, 1, 0, 0, 0, 0, 1], [0, 0, 0, 1, 0, 0, 0, 1], [0, 0, 0, 0, 1, 0, 0, 1], [0, 0, 0, 0, 0, 1, 0, 1], [0, 0, 0, 0, 0, 0, 1, 1]]
b = [1, 0, 0, 0, 0]
support_size = 8

Stabiliser 3:
pool_id = 345
coef = w^7/4 - w^5/4 - w^3/4 + w/4
Q = [[0, 0, 0, 1, 1, 1, 1, 0], [0, 0, 0, 0, 0, 0, 0, 0], [0, 0, 0, 0, 0, 0, 0, 0], [0, 0, 0, 0, 1, 1, 1, 0], [0, 0, 0, 0, 0, 1, 1, 0], [0, 0, 0, 0, 0, 0, 1, 0], [0, 0, 0, 0, 0, 0, 0, 0], [0, 0, 0, 0, 0, 0, 0, 0]]
l = [0, 0, 0, 0, 0, 0, 0, 0]
A = [[1, 0, 0, 1, 1, 1, 1, 1], [0, 1, 0, 1, 1, 1, 1, 1], [0, 0, 1, 1, 1, 1, 1, 1]]
b = [1, 1, 1]
support_size = 32

Stabiliser 4:
pool_id = 344
coef = w^7/4 + I*w^7/4 - w^5/4 + I*w^5/4 - w^3/4 - I*w^3/4 + w/4 - I*w/4
Q = [[0, 0, 0, 0, 0, 0, 0, 0], [0, 0, 0, 0, 0, 0, 0, 0], [0, 0, 0, 0, 0, 0, 0, 0], [0, 0, 0, 0, 0, 0, 0, 0], [0, 0, 0, 0, 0, 0, 0, 0], [0, 0, 0, 0, 0, 0, 0, 0], [0, 0, 0, 0, 0, 0, 0, 0], [0, 0, 0, 0, 0, 0, 0, 0]]
l = [0, 0, 0, 0, 0, 0, 0, 0]
A = [[1, 0, 0, 1, 1, 1, 1, 1], [0, 1, 0, 1, 1, 1, 1, 1], [0, 0, 1, 1, 1, 1, 1, 1]]
b = [1, 1, 1]
support_size = 32

Stabiliser 5:
pool_id = 348
coef = -w^7/4 - I*w^7/4 - w^5/4 - I*w^5/4 + w^3/4 + I*w^3/4 + w/4 + I*w/4
Q = [[0, 0, 0, 0, 0, 0, 0, 0], [0, 0, 0, 0, 0, 0, 0, 0], [0, 0, 0, 0, 0, 0, 0, 0], [0, 0, 0, 0, 0, 0, 0, 0], [0, 0, 0, 0, 0, 0, 0, 0], [0, 0, 0, 0, 0, 0, 0, 0], [0, 0, 0, 0, 0, 0, 0, 0], [0, 0, 0, 0, 0, 0, 0, 0]]
l = [1, 0, 0, 0, 0, 0, 0, 0]
A = [[1, 0, 0, 1, 1, 1, 1, 1], [0, 1, 0, 1, 1, 1, 1, 1], [0, 0, 1, 1, 1, 1, 1, 1]]
b = [1, 1, 1]
support_size = 32

Stabiliser 6:
pool_id = 466
coef = w^7/2 + w^5/2 - w^3/2 - w/2
Q = [[0, 0, 0, 0, 0, 0, 0, 0], [0, 0, 0, 0, 0, 0, 0, 0], [0, 0, 0, 0, 0, 0, 0, 0], [0, 0, 0, 0, 0, 0, 0, 0], [0, 0, 0, 0, 0, 0, 0, 0], [0, 0, 0, 0, 0, 0, 0, 0], [0, 0, 0, 0, 0, 0, 0, 0], [0, 0, 0, 0, 0, 0, 0, 0]]
l = [2, 2, 2, 0, 0, 0, 0, 0]
A = [[1, 1, 1, 0, 0, 0, 0, 1], [0, 0, 0, 1, 0, 0, 0, 1], [0, 0, 0, 0, 1, 0, 0, 1], [0, 0, 0, 0, 0, 1, 0, 1], [0, 0, 0, 0, 0, 0, 1, 1]]
b = [1, 0, 0, 0, 0]
support_size = 8

Stabiliser 7:
pool_id = 346
coef = -w^7/4 - w^5/4 + w^3/4 + w/4
Q = [[0, 0, 0, 1, 1, 1, 1, 0], [0, 0, 0, 0, 0, 0, 0, 0], [0, 0, 0, 0, 0, 0, 0, 0], [0, 0, 0, 0, 1, 1, 1, 0], [0, 0, 0, 0, 0, 1, 1, 0], [0, 0, 0, 0, 0, 0, 1, 0], [0, 0, 0, 0, 0, 0, 0, 0], [0, 0, 0, 0, 0, 0, 0, 0]]
l = [2, 0, 0, 0, 0, 0, 0, 0]
A = [[1, 0, 0, 1, 1, 1, 1, 1], [0, 1, 0, 1, 1, 1, 1, 1], [0, 0, 1, 1, 1, 1, 1, 1]]
b = [1, 1, 1]
support_size = 32
