format = symmetric_stabilizer_general_w_v2
target = even_cat
n = 7
partition = 3+4
phase_mode = complete
rank = 6
convention = unnormalized
term(x) = coef(w) * (-1)^(x^T Q x) * i^(l^T x) * [A x = b]
score = 3.999999999999999
defect = 8.881784197e-16
pool_size = 540
search_method = initial
seed = 0
verified_exact = true

Stabiliser 0:
pool_id = 536
coef = w^6 - w^4 - w^2 + 1
Q = [[0, 0, 0, 0, 0, 0, 0], [0, 0, 0, 0, 0, 0, 0], [0, 0, 0, 0, 0, 0, 0], [0, 0, 0, 0, 0, 0, 0], [0, 0, 0, 0, 0, 0, 0], [0, 0, 0, 0, 0, 0, 0], [0, 0, 0, 0, 0, 0, 0]]
l = [0, 0, 0, 0, 0, 0, 0]
A = [[1, 0, 0, 0, 0, 0, 0], [0, 1, 0, 0, 0, 0, 0], [0, 0, 1, 0, 0, 0, 0], [0, 0, 0, 1, 0, 0, 0], [0, 0, 0, 0, 1, 0, 0], [0, 0, 0, 0, 0, 1, 0], [0, 0, 0, 0, 0, 0, 1]]
b = [0, 0, 0, 0, 0, 0, 0]
support_size = 1

Stabiliser 1:
pool_id = 197
coef = -w^6/4 + w^4/2 - w^2/4
Q = [[0, 1, 1, 1, 1, 1, 0], [0, 0, 1, 1, 1, 1, 0], [0, 0, 0, 1, 1, 1, 0], [0, 0, 0, 0, 1, 1, 0], [0, 0, 0, 0, 0, 1, 0], [0, 0, 0, 0, 0, 0, 0], [0, 0, 0, 0, 0, 0, 0]]
l = [2, 2, 2, 2, 2, 2, 0]
A = [[1, 1, 1, 1, 1, 1, 1]]
b = [0]
support_size = 64

Stabiliser 2:
pool_id = 192
coef = w^4/2 + w^2/2
Q = [[0, 0, 0, 0, 0, 0, 0], [0, 0, 0, 0, 0, 0, 0], [0, 0, 0, 0, 0, 0, 0], [0, 0, 0, 0, 0, 0, 0], [0, 0, 0, 0, 0, 0, 0], [0, 0, 0, 0, 0, 0, 0], [0, 0, 0, 0, 0, 0, 0]]
l = [0, 0, 0, 0, 0, 0, 0]
A = [[1, 1, 1, 1, 1, 1, 1]]
b = [0]
support_size = 64

Stabiliser 3:
pool_id = 403
coef = -w^6/2 + w^2/2
Q = [[0, 0, 0, 0, 0, 0, 0], [0, 0, 0, 0, 0, 0, 0], [0, 0, 0, 0, 0, 0, 0], [0, 0, 0, 0, 0, 0, 0], [0, 0, 0, 0, 0, 0, 0], [0, 0, 0, 0, 0, 0, 0], [0, 0, 0, 0, 0, 0, 0]]
l = [2, 0, 0, 0, 0, 0, 0]
A = [[1, 0, 0, 1, 1, 1, 1], [0, 1, 0, 1, 1, 1, 1], [0, 0, 1, 1, 1, 1, 1]]
b = [0, 0, 0]
support_size = 16

Stabiliser 4:
pool_id = 508
coef = w^6 - w^2
Q = [[0, 0, 0, 0, 0, 0, 0], [0, 0, 0, 0, 0, 0, 0], [0, 0, 0, 0, 0, 0, 0], [0, 0, 0, 0, 0, 0, 0], [0, 0, 0, 0, 0, 0, 0], [0, 0, 0, 0, 0, 0, 0], [0, 0, 0, 0, 0, 0, 0]]
l = [0, 0, 0, 0, 0, 0, 0]
A = [[1, 1, 1, 0, 0, 0, 0], [0, 0, 0, 1, 0, 0, 0], [0, 0, 0, 0, 1, 0, 0], [0, 0, 0, 0, 0, 1, 0], [0, 0, 0, 0, 0, 0, 1]]
b = [0, 1, 1, 1, 1]
support_size = 4

Stabiliser 5:
pool_id = 196
coef = -w^6/4 + w^2/4
Q = [[0, 0, 0, 1, 1, 1, 0], [0, 0, 0, 1, 1, 1, 0], [0, 0, 0, 1, 1, 1, 0], [0, 0, 0, 0, 1, 1, 0], [0, 0, 0, 0, 0, 1, 0], [0, 0, 0, 0, 0, 0, 0], [0, 0, 0, 0, 0, 0, 0]]
l = [0, 0, 0, 2, 2, 2, 0]
A = [[1, 1, 1, 1, 1, 1, 1]]
b = [0]
support_size = 64
