format = symmetric_stabilizer_general_w_v2
target = even_cat
n = 9
partition = 4+5
phase_mode = complete
rank = 9
convention = unnormalized
term(x) = coef(w) * (-1)^(x^T Q x) * i^(l^T x) * [A x = b]
score = 5
defect = 0
pool_size = 540
search_method = anneal
seed = 0
verified_exact = true

Stabiliser 0:
pool_id = 419
coef = w^8/2 - w^6/2 - w^4/2 + w^2/2
Q = [[0, 0, 0, 0, 0, 0, 0, 0, 0], [0, 0, 0, 0, 0, 0, 0, 0, 0], [0, 0, 0, 0, 0, 0, 0, 0, 0], [0, 0, 0, 0, 0, 0, 0, 0, 0], [0, 0, 0, 0, 0, 1, 1, 1, 0], [0, 0, 0, 0, 0, 0, 1, 1, 0], [0, 0, 0, 0, 0, 0, 0, 1, 0], [0, 0, 0, 0, 0, 0, 0, 0, 0], [0, 0, 0, 0, 0, 0, 0, 0, 0]]
l = [0, 0, 0, 0, 2, 2, 2, 2, 0]
A = [[1, 0, 0, 0, 0, 0, 0, 0, 0], [0, 1, 0, 0, 0, 0, 0, 0, 0], [0, 0, 1, 0, 0, 0, 0, 0, 0], [0, 0, 0, 1, 0, 0, 0, 0, 0], [0, 0, 0, 0, 1, 1, 1, 1, 1]]
b = [1, 1, 1, 1, 0]
support_size = 16

Stabiliser 1:
pool_id = 197
coef = -w^6/4 + w^4/2 - w^2/4
Q = [[0, 1, 1, 1, 1, 1, 1, 1, 0], [0, 0, 1, 1, 1, 1, 1, 1, 0], [0, 0, 0, 1, 1, 1, 1, 1, 0], [0, 0, 0, 0, 1, 1, 1, 1, 0], [0, 0, 0, 0, 0, 1, 1, 1, 0], [0, 0, 0, 0, 0, 0, 1, 1, 0], [0, 0, 0, 0, 0, 0, 0, 1, 0], [0, 0, 0, 0, 0, 0, 0, 0, 0], [0, 0, 0, 0, 0, 0, 0, 0, 0]]
l = [2, 2, 2, 2, 2, 2, 2, 2, 0]
A = [[1, 1, 1, 1, 1, 1, 1, 1, 1]]
b = [0]
support_size = 256

Stabiliser 2:
pool_id = 192
coef = w^6/4 + w^4/2 + w^2/4
Q = [[0, 0, 0, 0, 0, 0, 0, 0, 0], [0, 0, 0, 0, 0, 0, 0, 0, 0], [0, 0, 0, 0, 0, 0, 0, 0, 0], [0, 0, 0, 0, 0, 0, 0, 0, 0], [0, 0, 0, 0, 0, 0, 0, 0, 0], [0, 0, 0, 0, 0, 0, 0, 0, 0], [0, 0, 0, 0, 0, 0, 0, 0, 0], [0, 0, 0, 0, 0, 0, 0, 0, 0], [0, 0, 0, 0, 0, 0, 0, 0, 0]]
l = [0, 0, 0, 0, 0, 0, 0, 0, 0]
A = [[1, 1, 1, 1, 1, 1, 1, 1, 1]]
b = [0]
support_size = 256

Stabiliser 3:
pool_id = 536
coef = w^8 - 2*w^4 + 1
Q = [[0, 0, 0, 0, 0, 0, 0, 0, 0], [0, 0, 0, 0, 0, 0, 0, 0, 0], [0, 0, 0, 0, 0, 0, 0, 0, 0], [0, 0, 0, 0, 0, 0, 0, 0, 0], [0, 0, 0, 0, 0, 0, 0, 0, 0], [0, 0, 0, 0, 0, 0, 0, 0, 0], [0, 0, 0, 0, 0, 0, 0, 0, 0], [0, 0, 0, 0, 0, 0, 0, 0, 0], [0, 0, 0, 0, 0, 0, 0, 0, 0]]
l = [0, 0, 0, 0, 0, 0, 0, 0, 0]
A = [[1, 0, 0, 0, 0, 0, 0, 0, 0], [0, 1, 0, 0, 0, 0, 0, 0, 0], [0, 0, 1, 0, 0, 0, 0, 0, 0], [0, 0, 0, 1, 0, 0, 0, 0, 0], [0, 0, 0, 0, 1, 0, 0, 0, 0], [0, 0, 0, 0, 0, 1, 0, 0, 0], [0, 0, 0, 0, 0, 0, 1, 0, 0], [0, 0, 0, 0, 0, 0, 0, 1, 0], [0, 0, 0, 0, 0, 0, 0, 0, 1]]
b = [0, 0, 0, 0, 0, 0, 0, 0, 0]
support_size = 1

Stabiliser 4:
pool_id = 198
coef = w^6/4 - w^2/4
Q = [[0, 0, 0, 0, 1, 1, 1, 1, 0], [0, 0, 0, 0, 1, 1, 1, 1, 0], [0, 0, 0, 0, 1, 1, 1, 1, 0], [0, 0, 0, 0, 1, 1, 1, 1, 0], [0, 0, 0, 0, 0, 1, 1, 1, 0], [0, 0, 0, 0, 0, 0, 1, 1, 0], [0, 0, 0, 0, 0, 0, 0, 1, 0], [0, 0, 0, 0, 0, 0, 0, 0, 0], [0, 0, 0, 0, 0, 0, 0, 0, 0]]
l = [2, 2, 2, 2, 2, 2, 2, 2, 0]
A = [[1, 1, 1, 1, 1, 1, 1, 1, 1]]
b = [0]
support_size = 256

Stabiliser 5:
pool_id = 195
coef = -w^6/4 + w^2/4
Q = [[0, 1, 1, 1, 0, 0, 0, 0, 0], [0, 0, 1, 1, 0, 0, 0, 0, 0], [0, 0, 0, 1, 0, 0, 0, 0, 0], [0, 0, 0, 0, 0, 0, 0, 0, 0], [0, 0, 0, 0, 0, 0, 0, 0, 0], [0, 0, 0, 0, 0, 0, 0, 0, 0], [0, 0, 0, 0, 0, 0, 0, 0, 0], [0, 0, 0, 0, 0, 0, 0, 0, 0], [0, 0, 0, 0, 0, 0, 0, 0, 0]]
l = [0, 0, 0, 0, 0, 0, 0, 0, 0]
A = [[1, 1, 1, 1, 1, 1, 1, 1, 1]]
b = [0]
support_size = 256

Stabiliser 6:
pool_id = 418
coef = w^8/2 + w^6/2 - w^4/2 - w^2/2
Q = [[0, 0, 0, 0, 0, 0, 0, 0, 0], [0, 0, 0, 0, 0, 0, 0, 0, 0], [0, 0, 0, 0, 0, 0, 0, 0, 0], [0, 0, 0, 0, 0, 0, 0, 0, 0], [0, 0, 0, 0, 0, 0, 0, 0, 0], [0, 0, 0, 0, 0, 0, 0, 0, 0], [0, 0, 0, 0, 0, 0, 0, 0, 0], [0, 0, 0, 0, 0, 0, 0, 0, 0], [0, 0, 0, 0, 0, 0, 0, 0, 0]]
l = [0, 0, 0, 0, 0, 0, 0, 0, 0]
A = [[1, 0, 0, 0, 0, 0, 0, 0, 0], [0, 1, 0, 0, 0, 0, 0, 0, 0], [0, 0, 1, 0, 0, 0, 0, 0, 0], [0, 0, 0, 1, 0, 0, 0, 0, 0], [0, 0, 0, 0, 1, 1, 1, 1, 1]]
b = [1, 1, 1, 1, 0]
support_size = 16

Stabiliser 7:
pool_id = 458
coef = -w^8/2 - w^6/2 + w^4/2 + w^2/2
Q = [[0, 0, 0, 0, 0, 0, 0, 0, 0], [0, 0, 0, 0, 0, 0, 0, 0, 0], [0, 0, 0, 0, 0, 0, 0, 0, 0], [0, 0, 0, 0, 0, 0, 0, 0, 0], [0, 0, 0, 0, 0, 0, 0, 0, 0], [0, 0, 0, 0, 0, 0, 0, 0, 0], [0, 0, 0, 0, 0, 0, 0, 0, 0], [0, 0, 0, 0, 0, 0, 0, 0, 0], [0, 0, 0, 0, 0, 0, 0, 0, 0]]
l = [2, 2, 2, 2, 0, 0, 0, 0, 0]
A = [[1, 1, 1, 1, 0, 0, 0, 0, 1], [0, 0, 0, 0, 1, 0, 0, 0, 1], [0, 0, 0, 0, 0, 1, 0, 0, 1], [0, 0, 0, 0, 0, 0, 1, 0, 1], [0, 0, 0, 0, 0, 0, 0, 1, 1]]
b = [0, 0, 0, 0, 0]
support_size = 16

Stabiliser 8:
pool_id = 459
coef = -w^8/2 + w^6/2 + w^4/2 - w^2/2
Q = [[0, 1, 1, 1, 0, 0, 0, 0, 0], [0, 0, 1, 1, 0, 0, 0, 0, 0], [0, 0, 0, 1, 0, 0, 0, 0, 0], [0, 0, 0, 0, 0, 0, 0, 0, 0], [0, 0, 0, 0, 0, 0, 0, 0, 0], [0, 0, 0, 0, 0, 0, 0, 0, 0], [0, 0, 0, 0, 0, 0, 0, 0, 0], [0, 0, 0, 0, 0, 0, 0, 0, 0], [0, 0, 0, 0, 0, 0, 0, 0, 0]]
l = [0, 0, 0, 0, 0, 0, 0, 0, 0]
A = [[1, 1, 1, 1, 0, 0, 0, 0, 1], [0, 0, 0, 0, 1, 0, 0, 0, 1], [0, 0, 0, 0, 0, 1, 0, 0, 1], [0, 0, 0, 0, 0, 0, 1, 0, 1], [0, 0, 0, 0, 0, 0, 0, 1, 1]]
b = [0, 0, 0, 0, 0]
support_size = 16
