format = symmetric_stabilizer_Dicke_v1
n = 6
k = 1
partition = 1+5
phase_mode = complete
rank = 3
score = 1
defect = 0
pool_size = 180
search_method = initial
seed = 0
verified_exact = true
convention = unnormalized

Stabiliser 0:
pool_id = 117
coef = 1/2
Q = [[0, 0, 0, 0, 0, 0], [0, 0, 1, 1, 1, 0], [0, 0, 0, 1, 1, 0], [0, 0, 0, 0, 1, 0], [0, 0, 0, 0, 0, 0], [0, 0, 0, 0, 0, 0]]
l = [0, 0, 0, 0, 0, 0]
A = [[1, 0, 0, 0, 0, 0], [0, 1, 1, 1, 1, 1]]
b = [0, 1]

Stabiliser 1:
pool_id = 116
coef = 1/2
Q = [[0, 0, 0, 0, 0, 0], [0, 0, 0, 0, 0, 0], [0, 0, 0, 0, 0, 0], [0, 0, 0, 0, 0, 0], [0, 0, 0, 0, 0, 0], [0, 0, 0, 0, 0, 0]]
l = [0, 0, 0, 0, 0, 0]
A = [[1, 0, 0, 0, 0, 0], [0, 1, 1, 1, 1, 1]]
b = [0, 1]

Stabiliser 2:
pool_id = 173
coef = -1
Q = [[0, 0, 0, 0, 0, 0], [0, 0, 0, 0, 0, 0], [0, 0, 0, 0, 0, 0], [0, 0, 0, 0, 0, 0], [0, 0, 0, 0, 0, 0], [0, 0, 0, 0, 0, 0]]
l = [2, 0, 0, 0, 0, 0]
A = [[1, 0, 0, 0, 0, 1], [0, 1, 0, 0, 0, 1], [0, 0, 1, 0, 0, 1], [0, 0, 0, 1, 0, 1], [0, 0, 0, 0, 1, 1]]
b = [1, 0, 0, 0, 0]
