format = symmetric_stabilizer_Dicke_v1
n = 8
k = 2
partition = 3+5
phase_mode = complete
rank = 6
score = 1
defect = -2.22044604925e-16
pool_size = 540
search_method = anneal
seed = 0
verified_exact = true
convention = unnormalized

Stabiliser 0:
pool_id = 301
coef = 1/2
Q = [[0, 0, 0, 0, 0, 0, 0, 0], [0, 0, 0, 0, 0, 0, 0, 0], [0, 0, 0, 0, 0, 0, 0, 0], [0, 0, 0, 0, 1, 1, 1, 0], [0, 0, 0, 0, 0, 1, 1, 0], [0, 0, 0, 0, 0, 0, 1, 0], [0, 0, 0, 0, 0, 0, 0, 0], [0, 0, 0, 0, 0, 0, 0, 0]]
l = [0, 0, 0, 0, 0, 0, 0, 0]
A = [[1, 1, 1, 0, 0, 0, 0, 0], [0, 0, 0, 1, 1, 1, 1, 1]]
b = [1, 1]

Stabiliser 1:
pool_id = 337
coef = -1/2
Q = [[0, 0, 0, 1, 1, 1, 1, 0], [0, 0, 0, 0, 0, 0, 0, 0], [0, 0, 0, 0, 0, 0, 0, 0], [0, 0, 0, 0, 1, 1, 1, 0], [0, 0, 0, 0, 0, 1, 1, 0], [0, 0, 0, 0, 0, 0, 1, 0], [0, 0, 0, 0, 0, 0, 0, 0], [0, 0, 0, 0, 0, 0, 0, 0]]
l = [0, 0, 0, 2, 2, 2, 2, 0]
A = [[1, 0, 0, 1, 1, 1, 1, 1], [0, 1, 0, 1, 1, 1, 1, 1], [0, 0, 1, 1, 1, 1, 1, 1]]
b = [0, 0, 0]

Stabiliser 2:
pool_id = 336
coef = 1/2
Q = [[0, 0, 0, 0, 0, 0, 0, 0], [0, 0, 0, 0, 0, 0, 0, 0], [0, 0, 0, 0, 0, 0, 0, 0], [0, 0, 0, 0, 0, 0, 0, 0], [0, 0, 0, 0, 0, 0, 0, 0], [0, 0, 0, 0, 0, 0, 0, 0], [0, 0, 0, 0, 0, 0, 0, 0], [0, 0, 0, 0, 0, 0, 0, 0]]
l = [0, 0, 0, 0, 0, 0, 0, 0]
A = [[1, 0, 0, 1, 1, 1, 1, 1], [0, 1, 0, 1, 1, 1, 1, 1], [0, 0, 1, 1, 1, 1, 1, 1]]
b = [0, 0, 0]

Stabiliser 3:
pool_id = 529
coef = 1
Q = [[0, 0, 0, 0, 0, 0, 0, 0], [0, 0, 0, 0, 0, 0, 0, 0], [0, 0, 0, 0, 0, 0, 0, 0], [0, 0, 0, 0, 0, 0, 0, 0], [0, 0, 0, 0, 0, 0, 0, 0], [0, 0, 0, 0, 0, 0, 0, 0], [0, 0, 0, 0, 0, 0, 0, 0], [0, 0, 0, 0, 0, 0, 0, 0]]
l = [2, 0, 0, 0, 0, 0, 0, 0]
A = [[1, 0, 0, 0, 0, 0, 0, 1], [0, 1, 0, 0, 0, 0, 0, 1], [0, 0, 1, 0, 0, 0, 0, 1], [0, 0, 0, 1, 0, 0, 0, 1], [0, 0, 0, 0, 1, 0, 0, 1], [0, 0, 0, 0, 0, 1, 0, 1], [0, 0, 0, 0, 0, 0, 1, 1]]
b = [0, 0, 0, 0, 0, 0, 0]

Stabiliser 4:
pool_id = 459
coef = -1
Q = [[0, 1, 1, 0, 0, 0, 0, 0], [0, 0, 1, 0, 0, 0, 0, 0], [0, 0, 0, 0, 0, 0, 0, 0], [0, 0, 0, 0, 0, 0, 0, 0], [0, 0, 0, 0, 0, 0, 0, 0], [0, 0, 0, 0, 0, 0, 0, 0], [0, 0, 0, 0, 0, 0, 0, 0], [0, 0, 0, 0, 0, 0, 0, 0]]
l = [0, 0, 0, 0, 0, 0, 0, 0]
A = [[1, 1, 1, 0, 0, 0, 0, 1], [0, 0, 0, 1, 0, 0, 0, 1], [0, 0, 0, 0, 1, 0, 0, 1], [0, 0, 0, 0, 0, 1, 0, 1], [0, 0, 0, 0, 0, 0, 1, 1]]
b = [0, 0, 0, 0, 0]

Stabiliser 5:
pool_id = 303
coef = 1/2
Q = [[0, 1, 0, 0, 0, 0, 0, 0], [0, 0, 0, 0, 0, 0, 0, 0], [0, 0, 0, 0, 0, 0, 0, 0], [0, 0, 0, 0, 0, 0, 0, 0], [0, 0, 0, 0, 0, 0, 0, 0], [0, 0, 0, 0, 0, 0, 0, 0], [0, 0, 0, 0, 0, 0, 0, 0], [0, 0, 0, 0, 0, 0, 0, 0]]
l = [0, 0, 0, 0, 0, 0, 0, 0]
A = [[1, 1, 1, 0, 0, 0, 0, 0], [0, 0, 0, 1, 1, 1, 1, 1]]
b = [1, 1]
