format = symmetric_stabilizer_T_v2
target = even_cat
n = 7
partition = 2+5
phase_mode = complete
rank = 6
omega = (1+I)/sqrt(2) = exp(I*pi/4)
convention = unnormalized
term(x) = coef * (-1)^(x^T Q x) * i^(l^T x) * [A x = b]
score = 0.9999999999999998
defect = 2.22044604925e-16
pool_size = 486
search_method = initial
seed = 0
verified_exact = true

Stabiliser 0:
pool_id = 244
coef = 1/2 - I/2
Q = [[0, 1, 1, 1, 1, 1, 0], [0, 0, 1, 1, 1, 1, 0], [0, 0, 0, 1, 1, 1, 0], [0, 0, 0, 0, 1, 1, 0], [0, 0, 0, 0, 0, 1, 0], [0, 0, 0, 0, 0, 0, 0], [0, 0, 0, 0, 0, 0, 0]]
l = [1, 1, 2, 2, 2, 2, 0]
A = [[1, 1, 1, 1, 1, 1, 1]]
b = [0]
support_size = 64

Stabiliser 1:
pool_id = 240
coef = I/2
Q = [[0, 0, 0, 0, 0, 0, 0], [0, 0, 0, 0, 0, 0, 0], [0, 0, 0, 0, 0, 0, 0], [0, 0, 0, 0, 0, 0, 0], [0, 0, 0, 0, 0, 0, 0], [0, 0, 0, 0, 0, 0, 0], [0, 0, 0, 0, 0, 0, 0]]
l = [1, 1, 0, 0, 0, 0, 0]
A = [[1, 1, 1, 1, 1, 1, 1]]
b = [0]
support_size = 64

Stabiliser 2:
pool_id = 442
coef = 1 - I
Q = [[0, 1, 0, 0, 0, 0, 0], [0, 0, 0, 0, 0, 0, 0], [0, 0, 0, 0, 0, 0, 0], [0, 0, 0, 0, 0, 0, 0], [0, 0, 0, 0, 0, 0, 0], [0, 0, 0, 0, 0, 0, 0], [0, 0, 0, 0, 0, 0, 0]]
l = [0, 0, 0, 0, 0, 0, 0]
A = [[1, 1, 0, 0, 0, 0, 1], [0, 0, 1, 0, 0, 0, 1], [0, 0, 0, 1, 0, 0, 1], [0, 0, 0, 0, 1, 0, 1], [0, 0, 0, 0, 0, 1, 1]]
b = [0, 0, 0, 0, 0]
support_size = 4

Stabiliser 3:
pool_id = 317
coef = -1
Q = [[0, 0, 0, 0, 0, 0, 0], [0, 0, 0, 0, 0, 0, 0], [0, 0, 0, 1, 1, 1, 0], [0, 0, 0, 0, 1, 1, 0], [0, 0, 0, 0, 0, 1, 0], [0, 0, 0, 0, 0, 0, 0], [0, 0, 0, 0, 0, 0, 0]]
l = [0, 0, 2, 2, 2, 2, 0]
A = [[1, 0, 0, 0, 0, 0, 0], [0, 1, 0, 0, 0, 0, 0], [0, 0, 1, 1, 1, 1, 1]]
b = [0, 0, 0]
support_size = 16

Stabiliser 4:
pool_id = 247
coef = -1/2
Q = [[0, 1, 0, 0, 0, 0, 0], [0, 0, 0, 0, 0, 0, 0], [0, 0, 0, 0, 0, 0, 0], [0, 0, 0, 0, 0, 0, 0], [0, 0, 0, 0, 0, 0, 0], [0, 0, 0, 0, 0, 0, 0], [0, 0, 0, 0, 0, 0, 0]]
l = [3, 3, 0, 0, 0, 0, 0]
A = [[1, 1, 1, 1, 1, 1, 1]]
b = [0]
support_size = 64

Stabiliser 5:
pool_id = 441
coef = 1 + I
Q = [[0, 0, 0, 0, 0, 0, 0], [0, 0, 0, 0, 0, 0, 0], [0, 0, 0, 0, 0, 0, 0], [0, 0, 0, 0, 0, 0, 0], [0, 0, 0, 0, 0, 0, 0], [0, 0, 0, 0, 0, 0, 0], [0, 0, 0, 0, 0, 0, 0]]
l = [2, 2, 0, 0, 0, 0, 0]
A = [[1, 1, 0, 0, 0, 0, 1], [0, 0, 1, 0, 0, 0, 1], [0, 0, 0, 1, 0, 0, 1], [0, 0, 0, 0, 1, 0, 1], [0, 0, 0, 0, 0, 1, 1]]
b = [0, 0, 0, 0, 0]
support_size = 4
