format = symmetric_stabilizer_T_v2
target = even_cat
n = 9
partition = 4+5
phase_mode = complete
rank = 9
omega = (1+I)/sqrt(2) = exp(I*pi/4)
convention = unnormalized
term(x) = coef * (-1)^(x^T Q x) * i^(l^T x) * [A x = b]
score = 0.9999999999999994
defect = 5.55111512313e-16
pool_size = 540
search_method = anneal
seed = 0
verified_exact = true

Stabiliser 0:
pool_id = 197
coef = -1/2
Q = [[0, 1, 1, 1, 1, 1, 1, 1, 0], [0, 0, 1, 1, 1, 1, 1, 1, 0], [0, 0, 0, 1, 1, 1, 1, 1, 0], [0, 0, 0, 0, 1, 1, 1, 1, 0], [0, 0, 0, 0, 0, 1, 1, 1, 0], [0, 0, 0, 0, 0, 0, 1, 1, 0], [0, 0, 0, 0, 0, 0, 0, 1, 0], [0, 0, 0, 0, 0, 0, 0, 0, 0], [0, 0, 0, 0, 0, 0, 0, 0, 0]]
l = [2, 2, 2, 2, 2, 2, 2, 2, 0]
A = [[1, 1, 1, 1, 1, 1, 1, 1, 1]]
b = [0]
support_size = 256

Stabiliser 1:
pool_id = 416
coef = -1 + I
Q = [[0, 0, 0, 0, 0, 0, 0, 0, 0], [0, 0, 0, 0, 0, 0, 0, 0, 0], [0, 0, 0, 0, 0, 0, 0, 0, 0], [0, 0, 0, 0, 0, 0, 0, 0, 0], [0, 0, 0, 0, 0, 0, 0, 0, 0], [0, 0, 0, 0, 0, 0, 0, 0, 0], [0, 0, 0, 0, 0, 0, 0, 0, 0], [0, 0, 0, 0, 0, 0, 0, 0, 0], [0, 0, 0, 0, 0, 0, 0, 0, 0]]
l = [0, 0, 0, 0, 0, 0, 0, 0, 0]
A = [[1, 0, 0, 0, 0, 0, 0, 0, 0], [0, 1, 0, 0, 0, 0, 0, 0, 0], [0, 0, 1, 0, 0, 0, 0, 0, 0], [0, 0, 0, 1, 0, 0, 0, 0, 0], [0, 0, 0, 0, 1, 1, 1, 1, 1]]
b = [0, 0, 0, 0, 0]
support_size = 16

Stabiliser 2:
pool_id = 200
coef = 1/2
Q = [[0, 0, 0, 0, 0, 0, 0, 0, 0], [0, 0, 0, 0, 0, 0, 0, 0, 0], [0, 0, 0, 0, 0, 0, 0, 0, 0], [0, 0, 0, 0, 0, 0, 0, 0, 0], [0, 0, 0, 0, 0, 0, 0, 0, 0], [0, 0, 0, 0, 0, 0, 0, 0, 0], [0, 0, 0, 0, 0, 0, 0, 0, 0], [0, 0, 0, 0, 0, 0, 0, 0, 0], [0, 0, 0, 0, 0, 0, 0, 0, 0]]
l = [1, 1, 1, 1, 0, 0, 0, 0, 0]
A = [[1, 1, 1, 1, 1, 1, 1, 1, 1]]
b = [0]
support_size = 256

Stabiliser 3:
pool_id = 461
coef = 1 + I
Q = [[0, 1, 1, 1, 0, 0, 0, 0, 0], [0, 0, 1, 1, 0, 0, 0, 0, 0], [0, 0, 0, 1, 0, 0, 0, 0, 0], [0, 0, 0, 0, 0, 0, 0, 0, 0], [0, 0, 0, 0, 0, 0, 0, 0, 0], [0, 0, 0, 0, 0, 0, 0, 0, 0], [0, 0, 0, 0, 0, 0, 0, 0, 0], [0, 0, 0, 0, 0, 0, 0, 0, 0], [0, 0, 0, 0, 0, 0, 0, 0, 0]]
l = [3, 3, 3, 3, 0, 0, 0, 0, 0]
A = [[1, 1, 1, 1, 0, 0, 0, 0, 1], [0, 0, 0, 0, 1, 0, 0, 0, 1], [0, 0, 0, 0, 0, 1, 0, 0, 1], [0, 0, 0, 0, 0, 0, 1, 0, 1], [0, 0, 0, 0, 0, 0, 0, 1, 1]]
b = [0, 0, 0, 0, 0]
support_size = 16

Stabiliser 4:
pool_id = 419
coef = 1 + I
Q = [[0, 0, 0, 0, 0, 0, 0, 0, 0], [0, 0, 0, 0, 0, 0, 0, 0, 0], [0, 0, 0, 0, 0, 0, 0, 0, 0], [0, 0, 0, 0, 0, 0, 0, 0, 0], [0, 0, 0, 0, 0, 1, 1, 1, 0], [0, 0, 0, 0, 0, 0, 1, 1, 0], [0, 0, 0, 0, 0, 0, 0, 1, 0], [0, 0, 0, 0, 0, 0, 0, 0, 0], [0, 0, 0, 0, 0, 0, 0, 0, 0]]
l = [0, 0, 0, 0, 2, 2, 2, 2, 0]
A = [[1, 0, 0, 0, 0, 0, 0, 0, 0], [0, 1, 0, 0, 0, 0, 0, 0, 0], [0, 0, 1, 0, 0, 0, 0, 0, 0], [0, 0, 0, 1, 0, 0, 0, 0, 0], [0, 0, 0, 0, 1, 1, 1, 1, 1]]
b = [1, 1, 1, 1, 0]
support_size = 16

Stabiliser 5:
pool_id = 201
coef = -I/2
Q = [[0, 1, 1, 1, 0, 0, 0, 0, 0], [0, 0, 1, 1, 0, 0, 0, 0, 0], [0, 0, 0, 1, 0, 0, 0, 0, 0], [0, 0, 0, 0, 0, 0, 0, 0, 0], [0, 0, 0, 0, 0, 0, 0, 0, 0], [0, 0, 0, 0, 0, 0, 0, 0, 0], [0, 0, 0, 0, 0, 0, 0, 0, 0], [0, 0, 0, 0, 0, 0, 0, 0, 0], [0, 0, 0, 0, 0, 0, 0, 0, 0]]
l = [3, 3, 3, 3, 0, 0, 0, 0, 0]
A = [[1, 1, 1, 1, 1, 1, 1, 1, 1]]
b = [0]
support_size = 256

Stabiliser 6:
pool_id = 537
coef = -4
Q = [[0, 0, 0, 0, 0, 0, 0, 0, 0], [0, 0, 0, 0, 0, 0, 0, 0, 0], [0, 0, 0, 0, 0, 0, 0, 0, 0], [0, 0, 0, 0, 0, 0, 0, 0, 0], [0, 0, 0, 0, 0, 0, 0, 0, 0], [0, 0, 0, 0, 0, 0, 0, 0, 0], [0, 0, 0, 0, 0, 0, 0, 0, 0], [0, 0, 0, 0, 0, 0, 0, 0, 0], [0, 0, 0, 0, 0, 0, 0, 0, 0]]
l = [0, 0, 0, 0, 0, 0, 0, 0, 0]
A = [[1, 0, 0, 0, 0, 0, 0, 0, 0], [0, 1, 0, 0, 0, 0, 0, 0, 0], [0, 0, 1, 0, 0, 0, 0, 0, 0], [0, 0, 0, 1, 0, 0, 0, 0, 0], [0, 0, 0, 0, 1, 0, 0, 0, 0], [0, 0, 0, 0, 0, 1, 0, 0, 0], [0, 0, 0, 0, 0, 0, 1, 0, 0], [0, 0, 0, 0, 0, 0, 0, 1, 0], [0, 0, 0, 0, 0, 0, 0, 0, 1]]
b = [1, 1, 1, 1, 0, 0, 0, 0, 0]
support_size = 1

Stabiliser 7:
pool_id = 462
coef = 1 - I
Q = [[0, 0, 0, 0, 0, 0, 0, 0, 0], [0, 0, 0, 0, 0, 0, 0, 0, 0], [0, 0, 0, 0, 0, 0, 0, 0, 0], [0, 0, 0, 0, 0, 0, 0, 0, 0], [0, 0, 0, 0, 0, 0, 0, 0, 0], [0, 0, 0, 0, 0, 0, 0, 0, 0], [0, 0, 0, 0, 0, 0, 0, 0, 0], [0, 0, 0, 0, 0, 0, 0, 0, 0], [0, 0, 0, 0, 0, 0, 0, 0, 0]]
l = [3, 3, 3, 3, 0, 0, 0, 0, 0]
A = [[1, 1, 1, 1, 0, 0, 0, 0, 1], [0, 0, 0, 0, 1, 0, 0, 0, 1], [0, 0, 0, 0, 0, 1, 0, 0, 1], [0, 0, 0, 0, 0, 0, 1, 0, 1], [0, 0, 0, 0, 0, 0, 0, 1, 1]]
b = [0, 0, 0, 0, 0]
support_size = 16

Stabiliser 8:
pool_id = 198
coef = -I/2
Q = [[0, 0, 0, 0, 1, 1, 1, 1, 0], [0, 0, 0, 0, 1, 1, 1, 1, 0], [0, 0, 0, 0, 1, 1, 1, 1, 0], [0, 0, 0, 0, 1, 1, 1, 1, 0], [0, 0, 0, 0, 0, 1, 1, 1, 0], [0, 0, 0, 0, 0, 0, 1, 1, 0], [0, 0, 0, 0, 0, 0, 0, 1, 0], [0, 0, 0, 0, 0, 0, 0, 0, 0], [0, 0, 0, 0, 0, 0, 0, 0, 0]]
l = [2, 2, 2, 2, 2, 2, 2, 2, 0]
A = [[1, 1, 1, 1, 1, 1, 1, 1, 1]]
b = [0]
support_size = 256
