format = symmetric_stabilizer_general_w_v2
target = product
n = 7
partition = 3+4
phase_mode = complete
rank = 12
convention = unnormalized
term(x) = coef(w) * (-1)^(x^T Q x) * i^(l^T x) * [A x = b]
score = 8.000000000000002
defect = -1.7763568394e-15
pool_size = 540
search_method = initial
seed = 0
verified_exact = true

Stabiliser 0:
pool_id = 531
coef = -w^7/2 + I*w^7/2 + w^6/2 - I*w^6/2 + w^5/2 - I*w^5/2 - w^4/2 + I*w^4/2 + w^3/2 - I*w^3/2 - w^2/2 + I*w^2/2 - w/2 + I*w/2 + 1/2 - I/2
Q = [[0, 0, 0, 0, 0, 0, 0], [0, 0, 0, 0, 0, 0, 0], [0, 0, 0, 0, 0, 0, 0], [0, 0, 0, 0, 0, 0, 0], [0, 0, 0, 0, 0, 0, 0], [0, 0, 0, 0, 0, 0, 0], [0, 0, 0, 0, 0, 0, 0]]
l = [3, 0, 0, 0, 0, 0, 0]
A = [[1, 0, 0, 0, 0, 0, 1], [0, 1, 0, 0, 0, 0, 1], [0, 0, 1, 0, 0, 0, 1], [0, 0, 0, 1, 0, 0, 1], [0, 0, 0, 0, 1, 0, 1], [0, 0, 0, 0, 0, 1, 1]]
b = [0, 0, 0, 0, 0, 0]
support_size = 2

Stabiliser 1:
pool_id = 208
coef = w^5/4 + w^3/2 + w/4
Q = [[0, 0, 0, 0, 0, 0, 0], [0, 0, 0, 0, 0, 0, 0], [0, 0, 0, 0, 0, 0, 0], [0, 0, 0, 0, 0, 0, 0], [0, 0, 0, 0, 0, 0, 0], [0, 0, 0, 0, 0, 0, 0], [0, 0, 0, 0, 0, 0, 0]]
l = [0, 0, 0, 0, 0, 0, 0]
A = [[1, 1, 1, 1, 1, 1, 1]]
b = [1]
support_size = 64

Stabiliser 2:
pool_id = 192
coef = w^6/4 + w^4/2 + w^2/4
Q = [[0, 0, 0, 0, 0, 0, 0], [0, 0, 0, 0, 0, 0, 0], [0, 0, 0, 0, 0, 0, 0], [0, 0, 0, 0, 0, 0, 0], [0, 0, 0, 0, 0, 0, 0], [0, 0, 0, 0, 0, 0, 0], [0, 0, 0, 0, 0, 0, 0]]
l = [0, 0, 0, 0, 0, 0, 0]
A = [[1, 1, 1, 1, 1, 1, 1]]
b = [0]
support_size = 64

Stabiliser 3:
pool_id = 96
coef = -I*w^5/4 + I*w^3/2 - I*w/4
Q = [[0, 0, 0, 0, 0, 0, 0], [0, 0, 0, 0, 0, 0, 0], [0, 0, 0, 0, 0, 0, 0], [0, 0, 0, 0, 0, 0, 0], [0, 0, 0, 0, 0, 0, 0], [0, 0, 0, 0, 0, 0, 0], [0, 0, 0, 0, 0, 0, 0]]
l = [1, 1, 1, 1, 1, 1, 1]
A = []
b = []
support_size = 128

Stabiliser 4:
pool_id = 197
coef = -w^6/4 + I*w^5/4 + w^4/2 - I*w^3/2 - w^2/4 + I*w/4
Q = [[0, 1, 1, 1, 1, 1, 0], [0, 0, 1, 1, 1, 1, 0], [0, 0, 0, 1, 1, 1, 0], [0, 0, 0, 0, 1, 1, 0], [0, 0, 0, 0, 0, 1, 0], [0, 0, 0, 0, 0, 0, 0], [0, 0, 0, 0, 0, 0, 0]]
l = [2, 2, 2, 2, 2, 2, 0]
A = [[1, 1, 1, 1, 1, 1, 1]]
b = [0]
support_size = 64

Stabiliser 5:
pool_id = 528
coef = w^7/2 - I*w^7/2 + w^6/2 + I*w^6/2 - w^5/2 + I*w^5/2 - w^4/2 - I*w^4/2 - w^3/2 + I*w^3/2 - w^2/2 - I*w^2/2 + w/2 - I*w/2 + 1/2 + I/2
Q = [[0, 0, 0, 0, 0, 0, 0], [0, 0, 0, 0, 0, 0, 0], [0, 0, 0, 0, 0, 0, 0], [0, 0, 0, 0, 0, 0, 0], [0, 0, 0, 0, 0, 0, 0], [0, 0, 0, 0, 0, 0, 0], [0, 0, 0, 0, 0, 0, 0]]
l = [0, 0, 0, 0, 0, 0, 0]
A = [[1, 0, 0, 0, 0, 0, 1], [0, 1, 0, 0, 0, 0, 1], [0, 0, 1, 0, 0, 0, 1], [0, 0, 0, 1, 0, 0, 1], [0, 0, 0, 0, 1, 0, 1], [0, 0, 0, 0, 0, 1, 1]]
b = [0, 0, 0, 0, 0, 0]
support_size = 2

Stabiliser 6:
pool_id = 16
coef = w^6/8 - I*w^6/8 + w^5/8 + I*w^5/8 - w^2/8 + I*w^2/8 - w/8 - I*w/8
Q = [[0, 0, 0, 1, 1, 1, 1], [0, 0, 0, 1, 1, 1, 1], [0, 0, 0, 1, 1, 1, 1], [0, 0, 0, 0, 1, 1, 1], [0, 0, 0, 0, 0, 1, 1], [0, 0, 0, 0, 0, 0, 1], [0, 0, 0, 0, 0, 0, 0]]
l = [2, 2, 2, 2, 2, 2, 2]
A = []
b = []
support_size = 128

Stabiliser 7:
pool_id = 31
coef = -w^6/4 + w^2/4
Q = [[0, 1, 1, 0, 0, 0, 0], [0, 0, 1, 0, 0, 0, 0], [0, 0, 0, 0, 0, 0, 0], [0, 0, 0, 0, 0, 0, 0], [0, 0, 0, 0, 0, 0, 0], [0, 0, 0, 0, 0, 0, 0], [0, 0, 0, 0, 0, 0, 0]]
l = [0, 0, 0, 0, 0, 0, 0]
A = []
b = []
support_size = 128

Stabiliser 8:
pool_id = 458
coef = -w^5 + w
Q = [[0, 0, 0, 0, 0, 0, 0], [0, 0, 0, 0, 0, 0, 0], [0, 0, 0, 0, 0, 0, 0], [0, 0, 0, 0, 0, 0, 0], [0, 0, 0, 0, 0, 0, 0], [0, 0, 0, 0, 0, 0, 0], [0, 0, 0, 0, 0, 0, 0]]
l = [2, 2, 2, 0, 0, 0, 0]
A = [[1, 1, 1, 0, 0, 0, 1], [0, 0, 0, 1, 0, 0, 1], [0, 0, 0, 0, 1, 0, 1], [0, 0, 0, 0, 0, 1, 1]]
b = [0, 0, 0, 0]
support_size = 8

Stabiliser 9:
pool_id = 106
coef = w^6/8 + I*w^6/8 - w^5/8 - I*w^5/8 - w^2/8 - I*w^2/8 + w/8 + I*w/8
Q = [[0, 1, 1, 0, 0, 0, 0], [0, 0, 1, 0, 0, 0, 0], [0, 0, 0, 0, 0, 0, 0], [0, 0, 0, 0, 0, 0, 0], [0, 0, 0, 0, 0, 0, 0], [0, 0, 0, 0, 0, 0, 0], [0, 0, 0, 0, 0, 0, 0]]
l = [3, 3, 3, 3, 3, 3, 3]
A = []
b = []
support_size = 128

Stabiliser 10:
pool_id = 215
coef = w^6/4 - w^5/4 - w^2/4 + w/4
Q = [[0, 1, 1, 0, 0, 0, 0], [0, 0, 1, 0, 0, 0, 0], [0, 0, 0, 0, 0, 0, 0], [0, 0, 0, 0, 0, 0, 0], [0, 0, 0, 0, 0, 0, 0], [0, 0, 0, 0, 0, 0, 0], [0, 0, 0, 0, 0, 0, 0]]
l = [0, 0, 0, 0, 0, 0, 0]
A = [[1, 1, 1, 1, 1, 1, 1]]
b = [1]
support_size = 64

Stabiliser 11:
pool_id = 504
coef = -w^6 + w^5 + w^2 - w
Q = [[0, 0, 0, 0, 0, 0, 0], [0, 0, 0, 0, 0, 0, 0], [0, 0, 0, 0, 0, 0, 0], [0, 0, 0, 0, 0, 0, 0], [0, 0, 0, 0, 0, 0, 0], [0, 0, 0, 0, 0, 0, 0], [0, 0, 0, 0, 0, 0, 0]]
l = [0, 0, 0, 0, 0, 0, 0]
A = [[1, 1, 1, 0, 0, 0, 0], [0, 0, 0, 1, 0, 0, 0], [0, 0, 0, 0, 1, 0, 0], [0, 0, 0, 0, 0, 1, 0], [0, 0, 0, 0, 0, 0, 1]]
b = [0, 0, 0, 0, 0]
support_size = 4
